CONCORRENTE:
0 100 12.64
1 99 12.64
2 98 11.48
3 97 11.98
4 96 12.46
5 95 13.84
6 94 15.22
7 93 16.96
8 92 17.8
9 91 18.68
10 90 19.4
11 89 21.38
12 88 22.62
13 87 24.32
14 86 24.76
15 85 26.22
16 84 27.6
17 83 29.12
18 82 30.16
19 81 30.22
20 80 32.18
21 79 33.86
22 78 34.8
23 77 36.66
24 76 38.28
25 75 38.54
26 74 40.76
27 73 41.8
28 72 42.66
29 71 44.56
30 70 46.14
31 69 46.5
32 68 48.54
33 67 49.3
34 66 50.96
35 65 52.22
36 64 53.7
37 63 54.86
38 62 56.94
39 61 57.58
40 60 58.4
41 59 60.48
42 58 61.64
43 57 62.84
44 56 63.92
45 55 64.72
46 54 67.62
47 53 68.32
48 52 68.6
49 51 70.48
50 50 72.02
51 49 72.78
52 48 73.7
53 47 75.68
54 46 77.62
55 45 78.76
56 44 79.72
57 43 80.98
58 42 82.74
59 41 83.9
60 40 85.3
61 39 86.6
62 38 87.98
63 37 89.64
64 36 90.5
65 35 91.86
66 34 92.8
67 33 94.62
68 32 95.28
69 31 97.0
70 30 97.88
71 29 100.04
72 28 101.32
73 27 102.3
74 26 103.38
75 25 105.56
76 24 106.98
77 23 107.72
78 22 109.02
79 21 110.54
80 20 111.84
81 19 112.28
82 18 114.3
83 17 115.68
84 16 117.66
85 15 118.52
86 14 119.66
87 13 119.98
88 12 123.34
89 11 123.76
90 10 124.84
91 9 126.28
92 8 128.2
93 7 128.56
94 6 130.2
95 5 132.18
96 4 132.86
97 3 134.56
98 2 135.44
99 1 136.72
100 0 136.84
SEM CONCORRENCIA (LINEAR):
0 100 137.68
1 99 137.52
2 98 137.48
3 97 137.86
4 96 136.38
5 95 136.92
6 94 137.5
7 93 137.1
8 92 137.88
9 91 137.62
10 90 137.58
11 89 137.2
12 88 136.84
13 87 136.74
14 86 137.5
15 85 137.32
16 84 137.26
17 83 136.9
18 82 137.02
19 81 137.34
20 80 136.86
21 79 136.92
22 78 136.9
23 77 137.2
24 76 136.86
25 75 137.36
26 74 136.64
27 73 136.68
28 72 137.14
29 71 136.52
30 70 137.0
31 69 137.8
32 68 136.78
33 67 136.94
34 66 136.48
35 65 137.04
36 64 137.1
37 63 136.78
38 62 137.38
39 61 137.24
40 60 137.0
41 59 137.04
42 58 137.2
43 57 137.52
44 56 137.28
45 55 137.12
46 54 136.8
47 53 137.2
48 52 137.04
49 51 137.18
50 50 137.46
51 49 137.34
52 48 137.08
53 47 137.04
54 46 136.7
55 45 137.66
56 44 137.64
57 43 137.28
58 42 137.44
59 41 137.04
60 40 137.22
61 39 136.84
62 38 137.32
63 37 136.96
64 36 137.18
65 35 136.86
66 34 136.22
67 33 137.5
68 32 137.3
69 31 137.38
70 30 137.26
71 29 137.24
72 28 137.12
73 27 137.44
74 26 137.06
75 25 137.74
76 24 137.12
77 23 137.16
78 22 136.98
79 21 137.2
80 20 137.44
81 19 137.36
82 18 136.54
83 17 136.66
84 16 136.84
85 15 137.46
86 14 137.48
87 13 137.48
88 12 136.96
89 11 136.98
90 10 137.32
91 9 137.4
92 8 137.2
93 7 136.86
94 6 137.58
95 5 136.4
96 4 136.8
97 3 137.24
98 2 136.64
99 1 137.28
100 0 136.8
